4294967279,132
4294967279,131
4294967279,130
4294967279,129
4294967279,128
4294967279,127
4294967279,126
4294967279,125
4294967279,124
4294967279,123
4294967279,122
4294967279,121
4294967279,120
4294967279,119
4294967279,118
4294967279,117
4294967279,116
4243767290,0
4294967278,36
4294967278,35
4294967278,34
4294967278,33
4294967278,32
4294967278,31
4294967278,30
4294967278,29
4294967278,28
4294967278,27
4294967278,26
4294967278,25
4294967278,24
4294967278,23
4294967278,22
4294967278,21
4294967278,20
4294967278,19
4294967278,18
4294967278,17
4294967278,16
4294967278,15
4294967278,14
4294967278,11
4294967278,10
4294967278,262
4294967278,9
4294967278,8
4294967278,7
4294967278,6
4294967278,5
4294967278,4
4294967279,24
4294967279,22
4294967279,20
4294967279,19
4294967279,17
4294967279,14
4294967279,11
4294967278,272
4294967279,273
4294967278,269
4294967278,268
4294967279,271
4294967278,13
4294967278,281
4294967294,212
4294967294,438
4294967294,256
4294967294,262
4294967279,13
4294967279,268
4294967278,331
4294967278,12
4294967279,267
4294967279,392
4294967294,439
4294967279,391
4294967279,285
4294967278,330
4294967279,284
4294967279,390
17,6
4294967279,259
17,5
4294967278,329
17,4
4294967279,258
17,3
17,2
17,1
4294967279,389
4294967278,328
4294967278,327
4294967279,388
4294967278,326
4294967278,256
4294967279,387
4294967278,325
4294967279,386
4294967278,324
4294967278,323
4294967279,385
4294967279,384
4294967278,322
4294967278,321
4294967279,319
4294967278,253
4294967278,252
4294967279,318
4294967278,250
4294967278,247
4294967278,245
4294967278,243
4294967278,240
4294967294,37
4294967294,36
4294967294,39
4294967278,238
4294967278,239
4294967278,237
4294967278,320
4294967278,234
4294967278,228
4294967278,232
15,5
15,4
4294967278,230
15,3
15,2
15,1
4294967278,229
4294967294,203
4294967294,221
4294967278,222
4294967294,264
4294967294,395
4294967294,396
4294967294,409
4294967294,399
4294967294,421
4294967294,407
4294967294,250
4294967294,385
4294967294,178
4294967294,398
4294967294,406
4294967294,415
4294967294,599
4294967294,249
4294967294,454
4294967294,468
4294967294,467
4294967278,225
4294967278,223
13,6
4294967294,393
4294967278,220
4294967278,221
4294967278,218
13,5
4294967294,389
4294967294,114
4294967278,214
4294967278,215
4294967279,317
4294967278,213
11,5
4294967294,41
4294967278,211
4294967278,210
4294967278,319
4294967278,209
4294967278,208
13,4
4294967278,207
13,3
13,2
13,1
4294967278,318
4294967294,120
4294967278,206
4294967278,205
4294967278,204
4294967278,317
4294967294,413
4294967278,203
4294967278,202
11,4
4294967278,201
11,3
11,2
11,1
4294967278,316
4294967278,200
4294967278,199
4294967294,42
10,4
4294967278,198
10,3
10,2
10,1
4294967278,315
4294967278,197
4294967294,469
4294967294,390
4294967294,45
4294967294,186
4294967278,314
4294967294,69
4294967279,316
4294967279,315
4294967278,313
4294967279,314
4294967278,312
4294967279,313
4294967278,311
4294967294,52
4294967294,53
4294967279,312
4294967278,310
4294967294,107
4294967294,92
4294967294,90
4294967294,87
4294967294,86
4294967294,84
4294967294,254
4294967294,220
4294967294,89
4294967279,311
4294967294,9
4294967279,310
4294967278,309
4294967294,165
4294967294,113
4294967294,99
4294967294,387
4294967294,112
4294967294,167
4294967294,31
4294967294,83
4294967294,161
4294967294,422
4294967278,190
4294967278,189
4294967279,309
4294967278,308
4294967278,187
4294967294,15
4294967294,160
4294967294,180
4294967294,182
4294967278,307
4294967278,260
4294967278,0
4294967279,308
4294967279,260
4294967278,185
4294967294,18
4294967294,126
4294967294,20
4294967294,13
4294967294,426
4294967294,417
4294967294,175
4294967294,184
4294967294,384
4294967294,185
4294967294,169
4294967294,183
4294967294,170
4294967294,267
4294967278,132
4294967278,131
4294967278,130
4294967278,129
4294967278,128
4294967278,127
4294967278,126
4294967278,125
4294967278,124
4294967278,123
4294967278,122
4294967278,121
4294967278,120
4294967278,119
4294967278,118
4294967278,117
4294967278,116
4294967278,115
4294967278,114
4294967278,113
4294967278,112
4294967278,111
4294967278,110
4294967278,109
4294967278,108
4294967278,107
4294967278,106
4294967278,105
4294967278,104
4294967278,103
4294967278,102
4294967278,101
4294967278,100
4294967278,99
4294967278,98
4294967278,97
4294967278,96
4294967278,95
4294967278,94
4294967278,93
4294967278,92
4294967278,91
4294967278,90
4294967278,89
4294967278,87
4294967278,86
4294967278,85
4294967278,84
4294967278,83
4294967278,82
4294967278,81
4294967278,80
4294967278,79
4294967278,78
4294967278,77
4294967278,76
4294967278,75
4294967278,74
4294967278,73
4294967278,72
4294967278,71
